相机相对于基坐标的变换矩阵为：
[[ 3.38845376e-02, 9.98237616e-01, 4.87185822e-02, 2.91060914e+02]
 [ 9.99010342e-01, -3.24248568e-02, -3.04461176e-02, 3.63233868e+02]
 [-2.88127668e-02, 4.97020200e-02, -9.98348403e-01, 6.97348546e+02]
 [ 0.00000000e+00, 0.00000000e+00, 0.00000000e+00, 1.00000000e+00]]

优化后旋转：
[[-0.0083234, 0.99889058, 0.04634999]
 [ 0.99976216, 0.00924715, -0.01975122]
 [-0.02015791, 0.04617457, -0.99872998]]
优化后平移：
[[301.31023496]
 [377.31127668]
 [696.48286338]]

 [-0.0083234, 0.99889058, 0.04634999, 301.31023496]
 [ 0.99976216, 0.00924715, -0.01975122, 377.31127668]
 [-0.02015791, 0.04617457, -0.99872998, 696.48286338]